189768 171942 68715 177581 224056 76432 66785 178741 201073 137192 123871 198116 38873 207418 140809 116073
59242 62832 37172 150739 219822 58764 47200 143645 257154 171326 23922 261395 73801 174191 188458 9949
59245 122002 27892 11432 318 50133 260717 60359 74557 141413 199637 253232 100970 79976 222112 203289
45814 191805 111331 199225 250631 80191 139120 144775 30376 110500 95233 218402 215100 28867 184620 150831
126106 198146 122491 257041 37235 107364 92229 146211 72094 60781 33958 246261 164537 67015 221718 105860
100074 225255 172931 244050 149835 136544 10132 944 177406 44274 128953 234767 254839 57918 116750 122168
49240 151913 248580 181016 6899 112051 227414 163937 147344 254470 205251 119946 87578 172607 237401 250903
167609 14276 65232 248963 152042 127561 98105 124050 13301 49026 107092 81458 179673 192336 201675 120476
46159 107201 82417 115000 228315 68886 189346 162074 227713 178200 62316 46565 245812 229451 128401 18814
194 139842 73504 108609 148148 247099 230633 20677 179520 17532 159901 180602 223222 220059 161768 206965
55935 4621 123738 72789 245445 62450 177202 240214 198993 181140 203880 32011 176841 150410 72706 107059
143685 193102 222882 158518 78726 2287 127090 140641 122158 109818 16915 55243 239574 84251 252531 83888
116619 180477 148053 186212 204197 180904 52122 153688 227096 175242 74730 197116 241908 41324 19609 237212
31709 128133 69534 96449 18110 157822 249788 185087 65252 11148 261552 183556 113383 79654 218123 27625
179358 147948 192137 38066 10113 127785 182654 158067 56414 215390 187666 170351 42185 110653 182858 152794
83204 129428 5931 207955 15638 45161 127930 114650 180257 82596 116104 60394 9051 184674 20430 170425

23110 213910 226338 31460 2919 258249 128225 248925 190111 245613 223776 122213 81824 259362 104067 195780
110595 214199 165305 78689 85269 35997 100332 21301 108256 35542 243708 4196 79702 22691 132
108602 169838 101459 225739 166452 152462 160511 182164 37964 22904 141127 242880 171021 220002 229703 140744
58960 163240 111669 249316 36809 175487 52868 98727 144639 52809 177568 167558 249573 257313 241163 47563
122136 16416 159564 172026 15789 65725 152891 142142 216766 221672 35211 36845 196280 67732 252136 260721
25738 53151 213191 89012 49185 38177 22460 206352 112826 132613 189023 138991 167104 143242 149096 255209
156520 216769 226960 164374 74423 215255 60990 131610 104329 112016 40754 216769 106777 123720 134336 202000
1234 78795 260705 49542 252190 223627 44126 186741 143020 200285 202099 119615 197059 117018 250295 6114
118851 196185 35436 14368 3018 128080 138719 185071 248590 5127 38440 199680 62646 249137 30671 58901
101832 675 176538 70571 142453 186583 114974 79022 235212 241089 71246 31121 245853 212030 5832 226808
209381 13216 80690 62256 67835 64159 113025 138688 12010 133680 179061 161570 77750 190198 32290 216119
236694 71767 164054 243209 240025 256376 65461 81393 237939 175950 86076 160810 1620 159906 2133 185335
213534 131357 159898 182111 182697 229209 24629 147359 23840 38626 220594 216408 245260 30433 96307 188889
90198 137533 74960 236990 254708 113763 180366 61069 152569 209936 207251 127761 147438 200628 163411 57431
137815 185779 55637 68936 49700 213029 9131 217384 126958 219361 18963 219772 252844 67602 125987 79441
41502 254580 102467 259715 194479 128641 172062 29124 131922 245878 220299 158775 16443 44364 247157 174255 


168396 94858 168071 163502 92711 86341 142290 94895 129459 248655 44296 70024 148511 51755 46914 179002
130467 156055 11192 260113 66886 72440 196571 119340 201951 235622 241365 65087 149380 22716 35
233646 168455 90835 19714 58251 162957 147131 111617 59743 231498 172818 144325 95703 169768 253093 26211
60513 58963 90469 225168 203476 255598 56411 225569 100221 145580 163250 69908 185459 34446 198054 189351
227560 19225 230989 11166 228781 14150 161952 8421 1629 148518 148462 52404 229491 79057 153780 32261
137044 206373 134907 66286 185456 68096 122261 199627 247793 25931 179851 154277 192997 138422 202585 95508
144204 78165 76567 163778 173315 192609 244199 98220 129898 679 95485 73123 207230 43223 64379 15563
120697 252803 184772 110154 245057 235654 248223 201657 80801 193870 199450 179627 65398 42152 180831 156368
255911 201057 90593 105982 197680 165451 118786 47426 104444 64462 248557 32796 68999 86398 190075 138076
151614 185424 219412 55136 45236 12158 25092 246525 72499 188048 192917 215269 125440 249947 30333 20724
7986 173487 49352 166034 98701 244880 168107 121917 2476 136838 167342 251026 198538 198674 75794 250767
40116 176480 252488 18432 64484 107991 128919 150005 107081 256828 85858 81883 122145 88450 74449 51563
50355 105167 253053 134346 171866 88163 110922 250739 249445 33587 260527 49074 40576 230877 160441 100459
80841 132954 62274 220728 42598 62506 241839 109470 3754 121622 27597 199708 156503 82965 211539 214250
100876 212938 63997 22974 25119 135531 47375 52944 60568 212309 190268 233403 220071 221282 61524 246954
194696 203137 95903 201770 172530 241620 34382 25509 184467 157946 215800 53884 5546 183629 243266 164995 

92629 46519 158103 68262 170370 109340 96254 25062 259841 104128 171431 113675 189462 45000 243384 187621
23429 199195 247226 110820 72953 213731 232139 118794 13499 16381 62241 170341 237291 123222
137280 176702 112514 84671 202456 148603 82528 243626 236793 41371 159934 53795 142562 96818 22448 229029
243309 80873 28526 220802 245541 89795 88581 199022 226602 4651 134766 124922 140275 206903 250121 198428
186113 64698 239576 103805 66167 187075 212766 45288 22640 110772 70626 117352 5893 88548 217771 231886
58843 239246 240551 88570 133584 217874 20521 251621 201996 187256 221691 92939 109149 182448 25785 125339
142614 110153 96006 37566 50349 176498 59263 40099 83003 224014 131647 61930 96445 212532 175193 247100
142355 162253 153787 261538 233939 236519 145078 224799 96030 42464 159610 222734 91015 45889 172365 14240
144611 11376 10348 145975 182347 114242 236456 160588 8061 146859 23154 30252 103938 120 177107 57199
141388 247635 26054 191961 242508 220577 91931 214687 52312 182409 35466 181265 171886 90812 41428 213760
236684 172929 10742 246493 182454 38707 202239 26269 22086 213676 193707 255193 199181 61533 186363 174504
197057 62606 12374 201951 234493 61321 3581 44727 231078 192320 110896 213015 2115 83407 49775 107723
81817 154961 51221 176445 142149 70786 129092 81734 179609 156173 6339 245901 36 13229 228700 242444
232967 196035 43393 240767 224612 196610 213411 243744 70057 14048 188227 133093 195806 196518 112184 35021
38311 53622 31976 29824 120364 21313 141063 168369 127057 207038 72490 142470 188341 154418 85140 109848
111294 186547 256074 248636 179987 56187 174142 93504 36880 90865 22251 107405 156818 17005 113530 239759 

201974 129624 245310 21383 46810 191200 126919 186898 82525 189703 238019 533 228891 255147 134210 235633
131701 236008 121978 163821 78478 222980 111001 185655 237778 165956 230643 228385 138758 203919 126423 41725
71154 150821 34821 238362 178951 19468 95650 255562 14348 111798 89062 257048 133184 231450 93221 104981
46036 79039 158765 149510 12882 127576 189731 258643 23211 193433 231350 40617 19867 1577 222472 144119
221464 231496 32681 1647 71638 15700 186265 50717 114931 219074 17405 56514 122747 23287 176808 192163
169255 66995 192848 39429 140911 38460 39085 56375 791 136040 79594 23321 221234 239221 150129 71254
138145 212302 20501 192230 191 139697 17955 164232 199303 90467 31417 228398 69224 249841 78720 111755
145572 201133 129890 181645 37541 125824 191768 210789 225079 125689 177063 229737 21193 76977 179043 228658
226457 86948 224712 42491 169191 162047 86745 212043 132335 254277 44095 60093 233253 246187 113382 36255
51693 90316 202202 22533 84521 94192 87608 76277 224722 253382 170770 60448 5983 230080 29003 197105
201791 166244 248979 204335 205190 15173 18573 237383 218928 3250 108021 252464 131075 154465 46230 134047
204045 63279 85964 121054 128643 64495 210748 218881 165889 38598 61045 163491 173324 196136 183823 195936
117431 258578 192804 18718 230150 169283 106980 206476 154255 185788 171430 162567 173370 88799 160589 38318
237532 73034 114673 226896 168358 154483 14016 238327 118917 34563 83725 217274 35153 146181 56998 22398
10709 82038 55023 152459 17786 134251 51139 118005 168559 81474 53866 136587 162990 130956 73970 224849
217862 28440 183505 19246 108330 85717 168283 51904 254503 48543 32615 102321 176921 129194 21212 229825 

82027 149207 248525 142325 248470 52231 8844 144635 14517 82652 162111 259006 107225 136349 15476 236288
210910 13508 206125 12550 39129 73740 217820 240813 216138 115872 171803 167845 156594 125177 110692 165552
134426 185607 185550 217881 190687 120006 46989 95853 260647 166237 6449 134874 170243 14327 79627 84486
207281 22399 24837 80113 219653 65157 104881 8118 127225 254550 23748 171902 223061 252887 59189 224108
117829 217766 130788 55886 26502 54162 181678 203387 79827 72690 64091 14876 138438 232582 252304 171879
43423 63101 191507 18328 119005 59912 50308 236486 166581 192093 188769 160289 63915 215180 164712 141816
97255 74780 68752 245845 14374 253493 240322 69126 59327 86953 84287 85277 69211 58439 60967 192222
44389 145999 115870 170609 237697 27973 157623 116919 86644 50955 163100 232310 39089 24643 181599 11604
58579 19493 42440 121637 124049 5341 427 113313 96170 40748 18186 122058 17748 72427 53864 41892
10156 124545 222946 56345 48110 82590 208976 131552 29972 181563 135018 5895 175458 1243 115129 188285
32304 53975 224413 92878 185618 219110 148112 32341 257872 246400 115848 177019 129046 193832 99583 240394
191908 209577 2426 105101 118305 842 54062 107983 66522 15880 257129 2729 115925 250540 231414 207448
239003 1723 67902 177823 29538 148220 246042 205285 141153 49099 132439 254914 160763 78989 176616 146740
22865 78615 219603 255780 56977 83905 161434 236435 255500 151211 193489 238219 160996 208607 241606 109969
191776 145068 162805 106846 182958 46391 61333 124214 228031 240116 43777 175294 144484 16557 33156 63142
148493 154831 192781 199006 228960 222816 39620 154712 65998 9817 135525 146883 129770 175491 102233 52046